theta <- structure(c(-, 0.0, 0.4, 1.2, 0.0, 0.0), .Dim = c(2,3))
