I_ = np.asarray([[(5.0649435+0j),(-0.181534298659+2.45249493696j),(-2.42991957356-9.2203964944j),(4.43702860308-7.93474607772j),(7.26788061189-6.57777035406j),(7.03745001031+25.5208991633j),(-4.38393350812+15.3519928761j)],[(-0.181534298659-2.45249493696j),(6.28079395606+0j),(-1.19930732453-0.0641646251682j),(-2.86189554735+0.785105417039j),(-4.18158222466-0.146642079847j),(-0.951752683326-20.8267755372j),(11.5262064167-11.43670444j)],[(-2.42991957356+9.2203964944j),(-1.19930732453+0.0641646251682j),(22.1613232935+0j),(10.066164203+14.9226694389j),(4.30184108472+16.2822496783j),(-66.6081229358-5.64114332042j),(-14.5082474039-24.8285634704j)],[(4.43702860308+7.93474607772j),(-2.86189554735-0.785105417039j),(10.066164203-14.9226694389j),(23.479411902+0j),(19.8112411003+15.4761111132j),(-26.9838126525+33.2030466004j),(-48.6077078052+5.85823784941j)],[(7.26788061189+6.57777035406j),(-4.18158222466+0.146642079847j),(4.30184108472-16.2822496783j),(19.8112411003-15.4761111132j),(47.2202685413+0j),(-20.135465342+34.2215978051j),(-31.9643468206+35.2648766723j)],[(7.03745001031-25.5208991633j),(-0.951752683326+20.8267755372j),(-66.6081229358+5.64114332042j),(-26.9838126525-33.2030466004j),(-20.135465342-34.2215978051j),(712.160787564+0j),(42.9484753073+91.5857143293j)],[(-4.38393350812-15.3519928761j),(11.5262064167+11.43670444j),(-14.5082474039+24.8285634704j),(-48.6077078052-5.85823784941j),(-31.9643468206-35.2648766723j),(42.9484753073-91.5857143293j),(173.58385595+0j)]])
