theta <- structure(c(1.0, 0.0, 1.0, 0.0, 0.0, 0.0), .Dim = c(2,3))
